CMSyear_PU_syst_SR_1b_MET: 0.838584585693989
CMSyear_PU_syst_SR_2b_ctsValue: 0.6523299527219731
